1.066656494521884824e+00
4.722729180491923584e-01
5.871400593074560526e-01
-1.885142152116993028e-02
-3.493979836074158352e-02
-4.917823381950600647e-02
8.849315526929020514e-02
3.515755350679082569e-02
-4.621698965998844583e-02
3.158517077541900947e-02
-1.568204715434173835e-04
-2.193142192623469267e-02
-4.355862741343376199e-02
-1.417739939133732391e-02
6.775515041914770276e-02
-5.081722619465306456e-02
1.314519958829731341e-02
-1.001211049457831175e-02
5.178004620534193414e-03
-6.996331130569755259e-03
-5.410906246172714207e-03
-2.187096324359543570e-02
-4.444409337296095774e-02
9.913766135376627514e-03
7.521276443238923345e-03
-3.936093565573394425e-03
1.333580607090630032e-02
-1.101684449540828517e-02
2.137353875005282983e-02
2.791692132218207001e-02
-1.255060198483169687e-03
1.303635464876749459e-02
1.082147178812153075e-02
1.165645937500870387e-02
1.891042120217039865e-02
-1.199296457872275727e-02
6.479840388983299296e-03
-6.225821065655950601e-03
-1.969804976199023699e-02
8.175227748362375729e-03
-1.074425244046839020e-02
-8.554693122675170736e-03
1.221712405122335476e-02
1.183902782943098420e-02
-5.706437935335329122e-03
3.497570207739783034e-03
-1.654929668523709430e-02
1.009364037110575298e-02
6.497760855124702813e-04
-6.406824499753661396e-03
6.656194404530807983e-03
-4.655266469734823873e-03
4.815348532379908064e-03
-1.465071808714350776e-03
-1.207134498859365433e-02
1.267867867052394071e-04
-5.829795197861684097e-03
-3.565955514127835783e-03
1.244982210692844107e-02
-1.617659887780530971e-03
1.258118719535281094e-03
-1.844811412153782911e-03
-1.978203081028297779e-03
-2.525809945407774156e-03
3.532394211082462605e-03
3.628846040680467049e-03
-8.984664324986745693e-03
1.031403225277215813e-02
-6.371290568423673521e-04
6.440457038252144634e-04
1.204482316488770296e-03
-3.410523573956894539e-03
4.287377476070611954e-03
-1.017623426418767796e-02
-7.184617607026067346e-03
-7.356625627497439743e-03
-4.507473664488590576e-03
-5.016405574240282751e-03
-3.910201094346818854e-03
5.949883519175250962e-03
-3.848197085776093075e-03
-1.138614819404160658e-03
3.279670695007668758e-04
-6.278552684358589073e-04
4.358540949846487211e-03
-8.231580967712967545e-04
3.280313229721993143e-03
-6.520502301274142421e-04
8.379816472803638255e-03
5.817916140905370070e-04
-3.463334347789316647e-03
4.655731981794650545e-03
2.765951009683458028e-04
1.601176808193987590e-03
6.913820345465001432e-03
5.152587171830171758e-03
3.794388746524595280e-03
9.435372346986383341e-05
-9.604777414143489140e-04
2.091861201853971886e-03
